25 0.7403846153846154 0.3485576923076923 0.4375 0.019230769230769232
20 0.16947115384615385 0.34975961538461536 0.24278846153846154 0.021634615384615384
17 0.7403846153846154 0.36658653846153844 0.4362980769230769 0.016826923076923076
8 0.7403846153846154 0.38221153846153844 0.4362980769230769 0.018028846153846152
9 0.7403846153846154 0.40024038461538464 0.4375 0.018028846153846152
27 0.7403846153846154 0.4170673076923077 0.4375 0.015625
2 0.7403846153846154 0.4338942307692308 0.43990384615384615 0.018028846153846152
14 0.27403846153846156 0.43509615384615385 0.10336538461538461 0.02283653846153846
10 0.140625 0.4362980769230769 0.15264423076923078 0.02283653846153846
21 0.7415865384615384 0.4519230769230769 0.43990384615384615 0.018028846153846152
22 0.15745192307692307 0.4723557692307692 0.18028846153846154 0.021634615384615384
3 0.9350961538461539 0.6358173076923077 0.06370192307692307 0.23798076923076922
0 0.7956730769230769 0.6370192307692307 0.046875 0.23557692307692307
5 0.6826923076923077 0.6370192307692307 0.09735576923076923 0.23677884615384615
13 0.8413461538461539 0.6370192307692307 0.042067307692307696 0.23677884615384615
7 0.09014423076923077 0.6370192307692307 0.051682692307692304 0.23918269230769232
19 0.2091346153846154 0.6382211538461539 0.1814903846153846 0.23557692307692307
18 0.4951923076923077 0.6394230769230769 0.0889423076923077 0.23918269230769232
15 0.5949519230769231 0.6394230769230769 0.078125 0.2403846153846154
12 0.8137019230769231 0.06850961538461539 0.2920673076923077 0.02283653846153846
26 0.47596153846153844 0.8016826923076923 0.06850961538461539 0.04447115384615385
4 0.7199519230769231 0.8028846153846154 0.10697115384615384 0.04326923076923077
6 0.6141826923076923 0.8040865384615384 0.056490384615384616 0.042067307692307696
23 0.3545673076923077 0.8040865384615384 0.055288461538461536 0.039663461538461536
16 0.5661057692307693 0.8557692307692307 0.5024038461538461 0.03485576923076923
11 0.11778846153846154 0.14423076923076922 0.10216346153846154 0.037259615384615384
1 0.21875 0.2848557692307692 0.30649038461538464 0.018028846153846152
24 0.19230769230769232 0.30408653846153844 0.2536057692307692 0.019230769230769232