1 0.30914092729811604 0.20011146123439374 0.04872730331908096 0.343026250984711
24 0.3274379353712767 0.17585113328316748 0.04296326288812033 0.28519393519752356
20 0.37456924302014605 0.13276820611536627 0.03311527916475644 0.19837545746930252
25 0.3368252071796036 0.7601020482217725 0.0578515380271558 0.4585508744642062
17 0.3535121221616469 0.7634859510397771 0.0533238619092231 0.46307855058213904
8 0.3692771302565267 0.7619921575026495 0.05304384571946349 0.45827085827444675
9 0.38610405333344977 0.7629722141668077 0.05290383762458389 0.4558670121206006
27 0.4018690614283295 0.7614784206296802 0.050639999565617336 0.45813085017956684
10 0.46180774503300637 0.12578926676180716 0.03638288242877125 0.17221316596675434
14 0.4508634050914945 0.27228387405154275 0.03061884199781062 0.11438085017956687
2 0.4186259804578127 0.7636604003707615 0.05304384571946363 0.45827085827444675
21 0.4353828994872959 0.765842380111843 0.05544769187330964 0.4584108663693263
22 0.49688538067654037 0.14471631126192674 0.033535303449395655 0.20558699593084098
19 0.6567767127186447 0.21553493863682785 0.25454914150836205 0.2160638945059335
7 0.6680129231203613 0.08473533539453214 0.24430484204124908 0.08130850179566909
15 0.6268257131095891 0.6262426107073208 0.24754873676437364 0.09587158681362568
3 0.6009615384615384 0.9651442307692307 0.2403846153846154 0.06490384615384616
18 0.6339779802189022 0.5241491532162991 0.24838878533365205 0.1102946637367026
5 0.6191715633977517 0.7162468333816717 0.24922883390293074 0.12471774065977953
13 0.6075271829818408 0.8747606714406383 0.23837708497451848 0.061797716375140185
6 0.6127311910332823 0.8268237564585947 0.23681328738995086 0.07608078520333751
6 0.7881052718300462 0.6525200801886282 0.052277165923315966 0.07491554651297988
26 0.7997615065164019 0.514508938484794 0.05015333595922956 0.07958323072579258
23 0.8085238667168326 0.3847712502245415 0.03955789467968666 0.062196275269350294
4 0.7804629763886536 0.7630269992181113 0.05267348166706508 0.12285246149502335
16 0.8379204418225211 0.6047694688080144 0.06403560274275577 0.5235947287129322
12 0.0518768469357348 0.8279257205528949 0.04875101185997098 0.3023008744642062
11 0.17042862354465255 0.07625635610955239 0.05267348166706535 0.12285246149502328