1 0.2894794156089367 0.8041717050433888 0.07700887153931427 0.3428084535449537
24 0.30581376169179436 0.829353313001138 0.06385044132095366 0.2868476188147277
20 0.34999296612431263 0.8681428013835937 0.048689420109606536 0.19963678408450172
25 0.34565065486838675 0.24505060431858156 0.09417248374364763 0.4612692882751797
17 0.3626316234063088 0.24147010507914748 0.08967288235795333 0.4657407939869898
8 0.3781796006758093 0.2415794217194532 0.08936479143595531 0.4609331016792976
9 0.39508354648323185 0.23920084555694224 0.0868068998211103 0.4583611622275102
27 0.41070854648323185 0.23810823912032486 0.0869609452821093 0.46076500838135637
10 0.43734823708719983 0.8680170113933579 0.049552811653463195 0.17576641584398117
14 0.4347257794389054 0.7222228624984481 0.03864418212794987 0.11756982825784999
2 0.4276895150211538 0.23452773988089082 0.08936479143595531 0.4609331016792976
21 0.4445934608285764 0.2321491637183798 0.09176863758980161 0.46110119497723867
22 0.4734363700059607 0.8463488893424421 0.04915155649260355 0.2068483225460402
19 0.6367886027202752 0.7619374239860198 0.27107562995144446 0.23433213672585504
7 0.6416142789419857 0.8920225262319591 0.2507379442882702 0.10368397792845704
15 0.6281205618593282 0.3557209306523201 0.25150817159326494 0.11570320869768767
3 0.620255031320101 0.030427126793104338 0.24321831490473372 0.060854253586208676
18 0.6312660371127568 0.456010095922094 0.25483629051310486 0.1302943789187057
5 0.6266857281852507 0.2660809797769127 0.2557605632790986 0.14471745584178264
13 0.6224296516881047 0.10843569341071337 0.24198595121674224 0.07914123649617195
6 0.6253583578527411 0.1560923832427836 0.2429102239827357 0.09356431341924888
6 0.7909497769685085 0.31681444892103355 0.05781407013658187 0.08062112947778169
26 0.7953903395377219 0.45290916655158814 0.05556426944373472 0.08285688233368688
23 0.797889192336086 0.5819604390185453 0.044870566601357624 0.06535758606499921
4 0.789622406635999 0.20682585238690446 0.06074093389556213 0.1262942064008587
16 0.8385036824402976 0.35895756658734673 0.10313940349831195 0.5265093210249082
12 0.06487709035408983 0.2012677370476825 0.07198625254848587 0.301774975631628
11 0.14491195725075715 0.9315414845644949 0.061912416361416596 0.10723153046803063