1 0.41466346153846156 0.8449519230769231 0.11778846153846154 0.30528846153846156
24 0.4387019230769231 0.8701923076923077 0.0985576923076923 0.2548076923076923
20 0.49278846153846156 0.9098557692307693 0.07692307692307693 0.17548076923076922
25 0.33497889218402804 0.30592953133563355 0.14507806084732947 0.4542201035854276
17 0.35169391498039554 0.30170944812996586 0.14032631867991496 0.45645606142440953
8 0.36729093991025663 0.30105316207635135 0.14021441839935933 0.45164836911671724
9 0.3840059627066242 0.2968330788706836 0.13775462210523537 0.449160578805439
27 0.3996029876364853 0.2961767928170691 0.13781057224551319 0.45156442495928517
10 0.5793269230769231 0.9134615384615384 0.07211538461538461 0.16826923076923078
14 0.5404328575789002 0.774267469626094 0.05076252981025648 0.11706349853325712
2 0.41511608735592975 0.2919147375326854 0.14021441839935933 0.45164836911671724
21 0.43185908522243616 0.28889657740394076 0.14267421469348315 0.45413615942799546
22 0.6104821067602038 0.894406367572654 0.07200750409102583 0.20427351333117535
19 0.7536767934567847 0.8033311429434491 0.2870688145888893 0.25982146641955406
7 0.7890660988982913 0.9306663121457053 0.25279750701388903 0.12892250006524472
15 0.6458034027928422 0.39964904787334893 0.2554811038691241 0.14102567499190746
3 0.5552614914073718 0.06982989751886502 0.24513836743012823 0.10943989836217914
18 0.6721637951528316 0.5002481048322852 0.2582206508646368 0.15553269607241646
5 0.6221545823582267 0.31235508891799857 0.26336404401399593 0.17012366131035755
13 0.5801122349189104 0.15716582855293135 0.24027472498215824 0.10686816389346877
6 0.593194518353419 0.2032586262631687 0.24301427197767098 0.12137518497397778
6 0.7984466286230236 0.3533387816413101 0.06440230476944464 0.08391331732400349
26 0.8364076306392098 0.4879694334625369 0.06205440875587616 0.08623321932041755
23 0.8705950130037933 0.6152626305860771 0.052047373158547024 0.069070519613766
4 0.7707164627652779 0.24548621414211935 0.07508074205010692 0.12992217087680877
16 0.857006163489637 0.3926130568042955 0.1609558414176287 0.5172237685300202
12 0.050905419978098526 0.2779952746048013 0.09588012508675238 0.3011828569019102
11 0.30288461538461536 0.9675480769230769 0.07692307692307693 0.06009615384615385